0.000000000000000000e+00 0.000000000000000000e+00
4.410000000000000000e+03 0.000000000000000000e+00
8.820000000000000000e+03 0.000000000000000000e+00
1.323000000000000000e+04 0.000000000000000000e+00
1.764000000000000000e+04 0.000000000000000000e+00
2.205000000000000000e+04 0.000000000000000000e+00
2.646000000000000000e+04 0.000000000000000000e+00
3.087000000000000000e+04 0.000000000000000000e+00
3.528000000000000000e+04 0.000000000000000000e+00
3.969000000000000000e+04 0.000000000000000000e+00
4.410000000000000000e+04 0.000000000000000000e+00
4.851000000000000000e+04 1.000000000000000000e+00
5.292000000000000000e+04 1.000000000000000000e+00
5.733000000000000000e+04 1.000000000000000000e+00
6.174000000000000000e+04 0.000000000000000000e+00
6.615000000000000000e+04 0.000000000000000000e+00
7.056000000000000000e+04 0.000000000000000000e+00
7.497000000000000000e+04 0.000000000000000000e+00
7.938000000000000000e+04 0.000000000000000000e+00
8.379000000000000000e+04 0.000000000000000000e+00
8.820000000000000000e+04 0.000000000000000000e+00
9.261000000000000000e+04 0.000000000000000000e+00
9.702000000000000000e+04 0.000000000000000000e+00
1.014300000000000000e+05 0.000000000000000000e+00
1.058400000000000000e+05 0.000000000000000000e+00
1.102500000000000000e+05 0.000000000000000000e+00
1.146600000000000000e+05 0.000000000000000000e+00
1.190700000000000000e+05 0.000000000000000000e+00
1.234800000000000000e+05 0.000000000000000000e+00
1.278900000000000000e+05 0.000000000000000000e+00
1.323000000000000000e+05 0.000000000000000000e+00
1.367100000000000000e+05 0.000000000000000000e+00
1.411200000000000000e+05 0.000000000000000000e+00
1.455300000000000000e+05 0.000000000000000000e+00
1.499400000000000000e+05 0.000000000000000000e+00
1.543500000000000000e+05 0.000000000000000000e+00
1.587600000000000000e+05 0.000000000000000000e+00
1.631700000000000000e+05 0.000000000000000000e+00
1.675800000000000000e+05 0.000000000000000000e+00
1.719900000000000000e+05 0.000000000000000000e+00
1.764000000000000000e+05 0.000000000000000000e+00
1.808100000000000000e+05 1.000000000000000000e+00
1.852200000000000000e+05 0.000000000000000000e+00
1.896300000000000000e+05 0.000000000000000000e+00
1.940400000000000000e+05 0.000000000000000000e+00
1.984500000000000000e+05 0.000000000000000000e+00
2.028600000000000000e+05 0.000000000000000000e+00
2.072700000000000000e+05 0.000000000000000000e+00
2.116800000000000000e+05 0.000000000000000000e+00
2.160900000000000000e+05 0.000000000000000000e+00
2.205000000000000000e+05 0.000000000000000000e+00
2.249100000000000000e+05 0.000000000000000000e+00
2.293200000000000000e+05 0.000000000000000000e+00
2.337300000000000000e+05 0.000000000000000000e+00
2.381400000000000000e+05 0.000000000000000000e+00
2.425500000000000000e+05 0.000000000000000000e+00
2.469600000000000000e+05 0.000000000000000000e+00
2.513700000000000000e+05 0.000000000000000000e+00
2.557800000000000000e+05 0.000000000000000000e+00
2.601900000000000000e+05 0.000000000000000000e+00
2.646000000000000000e+05 0.000000000000000000e+00
2.690100000000000000e+05 0.000000000000000000e+00
2.734200000000000000e+05 0.000000000000000000e+00
2.778300000000000000e+05 0.000000000000000000e+00
2.822400000000000000e+05 0.000000000000000000e+00
2.866500000000000000e+05 0.000000000000000000e+00
2.910600000000000000e+05 0.000000000000000000e+00
2.954700000000000000e+05 0.000000000000000000e+00
2.998800000000000000e+05 0.000000000000000000e+00
3.042900000000000000e+05 0.000000000000000000e+00
3.087000000000000000e+05 0.000000000000000000e+00
3.131100000000000000e+05 0.000000000000000000e+00
3.175200000000000000e+05 0.000000000000000000e+00
3.219300000000000000e+05 0.000000000000000000e+00
3.263400000000000000e+05 0.000000000000000000e+00
3.307500000000000000e+05 0.000000000000000000e+00
3.351600000000000000e+05 0.000000000000000000e+00
3.395700000000000000e+05 0.000000000000000000e+00
3.439800000000000000e+05 0.000000000000000000e+00
3.483900000000000000e+05 0.000000000000000000e+00
3.528000000000000000e+05 0.000000000000000000e+00
3.572100000000000000e+05 0.000000000000000000e+00
3.616200000000000000e+05 1.000000000000000000e+00
3.660300000000000000e+05 1.000000000000000000e+00
3.704400000000000000e+05 1.000000000000000000e+00
3.748500000000000000e+05 0.000000000000000000e+00
3.792600000000000000e+05 1.000000000000000000e+00
3.836700000000000000e+05 0.000000000000000000e+00
3.880800000000000000e+05 1.000000000000000000e+00
3.924900000000000000e+05 1.000000000000000000e+00
3.969000000000000000e+05 0.000000000000000000e+00
4.013100000000000000e+05 1.000000000000000000e+00
4.057200000000000000e+05 1.000000000000000000e+00
4.101300000000000000e+05 0.000000000000000000e+00
4.145400000000000000e+05 0.000000000000000000e+00
4.189500000000000000e+05 0.000000000000000000e+00
4.233600000000000000e+05 0.000000000000000000e+00
4.277700000000000000e+05 0.000000000000000000e+00
4.321800000000000000e+05 0.000000000000000000e+00
