0.000000000000000000e+00 1.000000000000000000e+00
4.800000000000000000e+03 1.000000000000000000e+00
9.600000000000000000e+03 1.000000000000000000e+00
1.440000000000000000e+04 1.000000000000000000e+00
1.920000000000000000e+04 0.000000000000000000e+00
2.400000000000000000e+04 0.000000000000000000e+00
2.880000000000000000e+04 0.000000000000000000e+00
3.360000000000000000e+04 1.000000000000000000e+00
3.840000000000000000e+04 1.000000000000000000e+00
4.320000000000000000e+04 1.000000000000000000e+00
4.800000000000000000e+04 0.000000000000000000e+00
5.280000000000000000e+04 0.000000000000000000e+00
5.760000000000000000e+04 1.000000000000000000e+00
6.240000000000000000e+04 1.000000000000000000e+00
6.720000000000000000e+04 1.000000000000000000e+00
7.200000000000000000e+04 1.000000000000000000e+00
7.680000000000000000e+04 0.000000000000000000e+00
8.160000000000000000e+04 1.000000000000000000e+00
8.640000000000000000e+04 1.000000000000000000e+00
9.120000000000000000e+04 1.000000000000000000e+00
9.600000000000000000e+04 1.000000000000000000e+00
1.008000000000000000e+05 0.000000000000000000e+00
1.056000000000000000e+05 0.000000000000000000e+00
1.104000000000000000e+05 0.000000000000000000e+00
1.152000000000000000e+05 0.000000000000000000e+00
1.200000000000000000e+05 0.000000000000000000e+00
1.248000000000000000e+05 0.000000000000000000e+00
1.296000000000000000e+05 1.000000000000000000e+00
1.344000000000000000e+05 1.000000000000000000e+00
1.392000000000000000e+05 1.000000000000000000e+00
1.440000000000000000e+05 1.000000000000000000e+00
1.488000000000000000e+05 1.000000000000000000e+00
