0.000000000000000000e+00 1.000000000000000000e+00
4.800000000000000000e+03 1.000000000000000000e+00
9.600000000000000000e+03 1.000000000000000000e+00
1.440000000000000000e+04 1.000000000000000000e+00
1.920000000000000000e+04 1.000000000000000000e+00
2.400000000000000000e+04 1.000000000000000000e+00
2.880000000000000000e+04 1.000000000000000000e+00
3.360000000000000000e+04 1.000000000000000000e+00
3.840000000000000000e+04 1.000000000000000000e+00
4.320000000000000000e+04 1.000000000000000000e+00
4.800000000000000000e+04 1.000000000000000000e+00
5.280000000000000000e+04 1.000000000000000000e+00
