0.000000000000000000e+00 0.000000000000000000e+00
4.410000000000000000e+03 0.000000000000000000e+00
8.820000000000000000e+03 0.000000000000000000e+00
1.323000000000000000e+04 1.000000000000000000e+00
1.764000000000000000e+04 1.000000000000000000e+00
2.205000000000000000e+04 0.000000000000000000e+00
2.646000000000000000e+04 0.000000000000000000e+00
3.087000000000000000e+04 0.000000000000000000e+00
3.528000000000000000e+04 0.000000000000000000e+00
3.969000000000000000e+04 0.000000000000000000e+00
4.410000000000000000e+04 0.000000000000000000e+00
4.851000000000000000e+04 0.000000000000000000e+00
5.292000000000000000e+04 0.000000000000000000e+00
5.733000000000000000e+04 0.000000000000000000e+00
6.174000000000000000e+04 0.000000000000000000e+00
6.615000000000000000e+04 0.000000000000000000e+00
7.056000000000000000e+04 0.000000000000000000e+00
7.497000000000000000e+04 1.000000000000000000e+00
7.938000000000000000e+04 1.000000000000000000e+00
8.379000000000000000e+04 1.000000000000000000e+00
8.820000000000000000e+04 1.000000000000000000e+00
9.261000000000000000e+04 1.000000000000000000e+00
9.702000000000000000e+04 1.000000000000000000e+00
1.014300000000000000e+05 1.000000000000000000e+00
1.058400000000000000e+05 1.000000000000000000e+00
1.102500000000000000e+05 1.000000000000000000e+00
1.146600000000000000e+05 0.000000000000000000e+00
1.190700000000000000e+05 0.000000000000000000e+00
1.234800000000000000e+05 1.000000000000000000e+00
1.278900000000000000e+05 1.000000000000000000e+00
1.323000000000000000e+05 1.000000000000000000e+00
1.367100000000000000e+05 1.000000000000000000e+00
1.411200000000000000e+05 1.000000000000000000e+00
1.455300000000000000e+05 0.000000000000000000e+00
1.499400000000000000e+05 0.000000000000000000e+00
1.543500000000000000e+05 0.000000000000000000e+00
1.587600000000000000e+05 0.000000000000000000e+00
1.631700000000000000e+05 0.000000000000000000e+00
1.675800000000000000e+05 1.000000000000000000e+00
1.719900000000000000e+05 1.000000000000000000e+00
1.764000000000000000e+05 0.000000000000000000e+00
1.808100000000000000e+05 0.000000000000000000e+00
1.852200000000000000e+05 1.000000000000000000e+00
1.896300000000000000e+05 0.000000000000000000e+00
1.940400000000000000e+05 0.000000000000000000e+00
1.984500000000000000e+05 0.000000000000000000e+00
2.028600000000000000e+05 0.000000000000000000e+00
2.072700000000000000e+05 0.000000000000000000e+00
2.116800000000000000e+05 0.000000000000000000e+00
2.160900000000000000e+05 0.000000000000000000e+00
