0.000000000000000000e+00 1.000000000000000000e+00
4.800000000000000000e+03 1.000000000000000000e+00
9.600000000000000000e+03 1.000000000000000000e+00
1.440000000000000000e+04 1.000000000000000000e+00
1.920000000000000000e+04 1.000000000000000000e+00
2.400000000000000000e+04 1.000000000000000000e+00
2.880000000000000000e+04 1.000000000000000000e+00
3.360000000000000000e+04 0.000000000000000000e+00
3.840000000000000000e+04 0.000000000000000000e+00
4.320000000000000000e+04 0.000000000000000000e+00
4.800000000000000000e+04 0.000000000000000000e+00
5.280000000000000000e+04 0.000000000000000000e+00
5.760000000000000000e+04 0.000000000000000000e+00
6.240000000000000000e+04 0.000000000000000000e+00
6.720000000000000000e+04 0.000000000000000000e+00
7.200000000000000000e+04 0.000000000000000000e+00
7.680000000000000000e+04 0.000000000000000000e+00
8.160000000000000000e+04 1.000000000000000000e+00
8.640000000000000000e+04 1.000000000000000000e+00
9.120000000000000000e+04 1.000000000000000000e+00
9.600000000000000000e+04 1.000000000000000000e+00
1.008000000000000000e+05 0.000000000000000000e+00
1.056000000000000000e+05 0.000000000000000000e+00
1.104000000000000000e+05 0.000000000000000000e+00
1.152000000000000000e+05 1.000000000000000000e+00
1.200000000000000000e+05 1.000000000000000000e+00
1.248000000000000000e+05 1.000000000000000000e+00
1.296000000000000000e+05 1.000000000000000000e+00
1.344000000000000000e+05 0.000000000000000000e+00
1.392000000000000000e+05 0.000000000000000000e+00
1.440000000000000000e+05 1.000000000000000000e+00
1.488000000000000000e+05 1.000000000000000000e+00
1.536000000000000000e+05 1.000000000000000000e+00
1.584000000000000000e+05 1.000000000000000000e+00
1.632000000000000000e+05 1.000000000000000000e+00
1.680000000000000000e+05 1.000000000000000000e+00
1.728000000000000000e+05 0.000000000000000000e+00
1.776000000000000000e+05 1.000000000000000000e+00
1.824000000000000000e+05 1.000000000000000000e+00
1.872000000000000000e+05 1.000000000000000000e+00
1.920000000000000000e+05 1.000000000000000000e+00
1.968000000000000000e+05 0.000000000000000000e+00
2.016000000000000000e+05 1.000000000000000000e+00
2.064000000000000000e+05 1.000000000000000000e+00
2.112000000000000000e+05 1.000000000000000000e+00
2.160000000000000000e+05 1.000000000000000000e+00
2.208000000000000000e+05 1.000000000000000000e+00
2.256000000000000000e+05 0.000000000000000000e+00
2.304000000000000000e+05 1.000000000000000000e+00
2.352000000000000000e+05 1.000000000000000000e+00
2.400000000000000000e+05 1.000000000000000000e+00
2.448000000000000000e+05 1.000000000000000000e+00
2.496000000000000000e+05 1.000000000000000000e+00
2.544000000000000000e+05 1.000000000000000000e+00
2.592000000000000000e+05 1.000000000000000000e+00
2.640000000000000000e+05 0.000000000000000000e+00
2.688000000000000000e+05 0.000000000000000000e+00
2.736000000000000000e+05 0.000000000000000000e+00
2.784000000000000000e+05 0.000000000000000000e+00
2.832000000000000000e+05 0.000000000000000000e+00
2.880000000000000000e+05 0.000000000000000000e+00
2.928000000000000000e+05 0.000000000000000000e+00
2.976000000000000000e+05 1.000000000000000000e+00
3.024000000000000000e+05 1.000000000000000000e+00
3.072000000000000000e+05 1.000000000000000000e+00
3.120000000000000000e+05 1.000000000000000000e+00
3.168000000000000000e+05 1.000000000000000000e+00
3.216000000000000000e+05 0.000000000000000000e+00
3.264000000000000000e+05 1.000000000000000000e+00
3.312000000000000000e+05 1.000000000000000000e+00
3.360000000000000000e+05 1.000000000000000000e+00
3.408000000000000000e+05 1.000000000000000000e+00
3.456000000000000000e+05 1.000000000000000000e+00
3.504000000000000000e+05 1.000000000000000000e+00
3.552000000000000000e+05 0.000000000000000000e+00
3.600000000000000000e+05 1.000000000000000000e+00
3.648000000000000000e+05 1.000000000000000000e+00
3.696000000000000000e+05 1.000000000000000000e+00
3.744000000000000000e+05 1.000000000000000000e+00
3.792000000000000000e+05 1.000000000000000000e+00
3.840000000000000000e+05 1.000000000000000000e+00
3.888000000000000000e+05 1.000000000000000000e+00
3.936000000000000000e+05 1.000000000000000000e+00
3.984000000000000000e+05 1.000000000000000000e+00
4.032000000000000000e+05 1.000000000000000000e+00
4.080000000000000000e+05 0.000000000000000000e+00
4.128000000000000000e+05 1.000000000000000000e+00
